1 10040
2 10164
3 9748
4 10025
5 9925
6 9957
7 9987
8 10110
9 10051
10 10001
11 10140
12 10103
13 9929
14 9973
15 9840
16 10082
17 9861
18 10008
19 9990
20 9920
21 10095
22 9924
23 9910
24 10096
25 10200
26 9934
27 10088
28 9955
29 10162
30 9950
31 10043
32 10209
33 10106
34 10166
35 9895
36 9834
37 9845
38 10129
39 9922
40 9999
41 9814
42 10030
43 9804
44 10108
45 9782
46 9946
47 10013
48 10058
49 9876
50 10070
51 9958
52 10104
53 9818
54 9894
55 9918
56 9915
57 10052
58 9866
59 10000
60 10110
61 10009
62 9992
63 9954
64 9994
65 9946
66 9969
67 9906
68 9872
69 10049
70 9925
71 10107
72 9963
73 10074
74 10066
75 10071
76 9999
77 9989
78 10066
79 10092
80 9810
81 9952
82 9880
83 10033
84 10147
85 9996
86 10050
87 10015
88 9961
89 9910
90 10117
91 9935
92 9710
93 9764
94 9886
95 9954
96 9966
97 10004
98 9985
99 9957
100 10069
101 10241
102 10027
103 9922
104 9984
105 10273
106 10042
107 10188
108 9937
109 9816
110 10146
111 9994
112 10107
113 10027
114 10108
115 9803
116 9945
117 10065
118 10029
119 10178
120 9988
121 10146
122 9945
123 10123
124 9896
125 10220
126 10027
127 9957
128 10165
129 10041
130 10049
131 10050
132 9978
133 9952
134 9870
135 10074
136 10076
137 10054
138 10035
139 9959
140 10034
141 10030
142 10052
143 10041
144 9952
145 9937
146 9904
147 10046
148 10034
149 10054
150 9904
151 9889
152 10106
153 10056
154 10141
155 9984
156 9936
157 9945
158 10069
159 10081
160 10126
161 10165
162 10274
163 9868
164 10177
165 10088
166 9992
167 9918
168 9969
169 9967
170 10223
171 9872
172 10081
173 9913
174 10154
175 9945
176 10011
177 10011
178 10142
179 9975
180 10110
181 10122
182 9941
183 10114
184 10110
185 10126
186 10100
187 9867
188 10034
189 10068
190 9850
191 10073
192 9912
193 10127
194 10080
195 9957
196 10085
197 9752
198 10139
199 10111
200 10059
201 10068
202 9959
203 9905
204 10009
205 9956
206 9889
207 9876
208 9954
209 10030
210 10164
211 9989
212 10096
213 10062
214 9964
215 10017
216 10021
217 9832
218 9972
219 9980
220 10073
221 9977
222 10159
223 9967
224 10027
225 10064
226 10140
227 9961
228 10125
229 9959
230 10130
231 10028
232 10020
233 9949
234 9879
235 10019
236 9991
237 9909
238 10034
239 10082
240 9929
241 9678
242 10005
243 9868
244 10037
245 10126
246 9977
247 9935
248 10066
249 9975
250 10090
251 10017
252 9943
253 10049
254 10073
255 10027
256 10035
257 10045
258 10101
259 10102
260 9991
261 10102
262 10047
263 9957
264 10048
265 10136
266 9993
267 10039
268 9927
269 9953
270 9997
271 10196
272 9909
273 10091
274 10023
275 9903
276 9772
277 10106
278 10180
279 10199
280 10148
281 10139
282 9925
283 10055
284 10157
285 10017
286 9918
287 10183
288 9858
289 10009
290 10154
291 10062
292 9781
293 10125
294 10005
295 10047
296 9892
297 10001
298 9854
299 10000
300 10145
301 9932
302 10069
303 9864
304 9842
305 9941
306 10067
307 10103
308 9920
309 9964
310 10068
311 10207
312 10250
313 10217
314 9817
315 9936
316 10155
317 9996
318 10005
319 10124
320 9860
321 10155
322 9978
323 10207
324 9940
325 9895
326 10036
327 10144
328 9978
329 10118
330 9961
331 10094
332 10009
333 10092
334 9854
335 9941
336 10212
337 9828
338 9936
339 10064
340 10161
341 10028
342 10051
343 9966
344 9997
345 10034
346 10179
347 9998
348 9916
349 9855
350 10086
351 10043
352 9816
353 9962
354 9970
355 9944
356 9999
357 10121
358 10093
359 9884
360 9936
361 10088
362 9946
363 9980
364 10095
365 10002
366 9871
367 9997
368 10091
369 10108
370 9954
371 9994
372 10014
373 9969
374 10148
375 9853
376 10039
377 9957
378 9969
379 9820
380 10048
381 10110
382 10069
383 10072
384 9978
385 9993
386 9970
387 9928
388 10163
389 10043
390 10050
391 9854
392 9987
393 9926
394 9966
395 10034
396 10171
397 10209
398 9918
399 10068
400 9988
401 10048
402 9960
403 9940
404 9915
405 10000
406 9983
407 9960
408 9975
409 9941
410 10142
411 10091
412 10121
413 10162
414 9908
415 9981
416 9805
417 9885
418 10292
419 10145
420 10000
421 10082
422 10084
423 10265
424 10191
425 10035
426 10186
427 9950
428 10079
429 10076
430 9837
431 9949
432 9993
433 10258
434 9886
435 9925
436 10008
437 10140
438 10035
439 9922
440 10135
441 10198
442 9825
443 10034
444 9830
445 9876
446 9976
447 10036
448 9921
449 9984
450 10051
451 10052
452 9881
453 10100
454 10129
455 9757
456 10120
457 9938
458 10035
459 9815
460 10144
461 10026
462 9923
463 10141
464 9995
465 9852
466 10013
467 10035
468 10077

